$ 1 0.000005 23.47059216675035 50 5 50 5e-11
g 528 128 528 176 0 0
a 528 112 624 112 8 15 -15 1000000 -0.0000010490952583079354 0 100000
a 688 128 784 128 8 15 -15 1000000 0.0000010490742768223988 0 100000
r 624 112 688 112 0 100000
r 528 48 624 48 0 100000
w 528 48 528 96 0
w 624 112 624 48 0
r 688 48 784 48 0 100000
w 688 48 688 112 0
w 784 48 784 128 0
r 784 128 848 128 0 1000
p 848 128 912 128 3 0 0 10000000
g 912 128 944 128 0 0
g 688 144 688 176 0 0
w 528 96 480 96 0
r 480 96 400 96 0 100000
174 448 144 352 144 5 100000 0.6782 Volume
w 400 128 400 96 0
g 448 144 448 176 0 0
R 352 144 320 144 0 1 100 5 0 0 0.5
o 11 64 0 4098 5 0.1 0 1
